Position,Median
1,32.0
2,32.0
3,32.0
4,32.0
5,32.0
6,32.0
7,32.0
8,33.0
9,31.0
10,32.0
11,17.0
12,32.0
13,33.0
14,36.0
15,37.0
16,38.0
17,38.0
18,38.0
19,38.0
20,38.0
21,38.0
22,38.0
23,38.0
24,38.0
25,39.0
26,37.0
27,39.0
28,39.0
29,39.0
30,37.0
31,36.0
32,38.0
33,38.0
34,38.0
35,39.0
36,39.0
37,39.0
38,38.0
39,38.0
40,38.0
41,36.0
42,36.0
43,38.0
44,38.0
45,38.0
46,38.0
47,39.0
48,39.0
49,39.0
50,38.0
51,37.0
52,37.0
53,38.0
54,38.0
55,39.0
56,36.0
57,37.0
58,37.0
59,37.0
60,38.0
61,38.0
62,38.0
63,38.0
64,38.0
65,36.0
66,38.0
67,33.0
68,36.0
69,35.0
70,37.0
71,38.0
72,37.0
73,38.0
74,38.0
75,38.0
76,38.0
77,38.0
78,38.0
79,38.0
80,38.0
81,39.0
82,38.0
83,38.0
84,38.0
85,38.0
86,38.0
87,37.0
88,38.0
89,38.0
90,38.0
91,38.0
92,38.0
93,37.0
94,37.0
95,37.0
96,37.0
97,38.0
98,38.0
99,39.0
100,37.0
